LGA Name,Crime Rate,Facility Tally,Greenspace Tally,Greenspace_area,Response Time,School Tally
ALPINE,0.8090798540737738,0.1569767441860465,0.0,0.0,0.4230769230769231,1.0
ARARAT,0.4167004458856911,0.1744186046511628,0.0,0.0,0.7107023411371237,0.9625
BALLARAT,0.4316984191325497,0.5406976744186046,0.0,0.0,0.9255852842809364,0.9375
BANYULE,0.6931495743818403,0.4040697674418605,0.14357501794687724,0.005607183153217312,0.9456521739130436,0.7
BASS COAST,0.6939602756384272,0.2296511627906977,0.0,0.0,0.7382943143812709,0.6875
BAW BAW,0.6846372111876773,0.4215116279069768,0.0,0.0,0.7382943143812709,0.6875
BAYSIDE,0.8204296716659909,0.3953488372093023,0.12419239052404885,0.005305290858096501,0.9155518394648828,0.6625
BENALLA,0.4219700040535063,0.09011627906976744,0.0,0.0,0.6872909698996655,0.6125
BOROONDARA,0.8954195379002837,0.502906976744186,0.1507537688442211,0.004231980239173083,0.927257525083612,0.6
BRIMBANK,0.4856100526955816,0.3866279069767442,0.167264895908112,0.010204580870012107,0.9297658862876256,0.5875
BULOKE,0.40656668017835423,0.20348837209302328,0.0,0.0,0.2809364548494983,0.575
CAMPASPE,0.6120794487231456,0.3982558139534884,0.0,0.0,0.7533444816053512,0.575
CARDINIA,0.7044993919740575,0.39244186046511625,0.3151471643933956,0.18346752178158315,0.822742474916388,0.55
CASEY,0.5650587758411025,0.6308139534883721,1.0,0.02602705703746916,0.9155518394648828,0.55
CENTRAL GOLDFIELDS,0.0474260235103364,0.16569767441860464,0.0,0.0,0.7023411371237458,0.525
COLAC OTWAY,0.5857316578840698,0.26744186046511625,0.0,0.0,0.6864548494983278,0.525
CORANGAMITE,0.8488042156465342,0.2761627906976744,0.0,0.0,0.5209030100334449,0.5125
DAREBIN,0.6011349817592216,0.32848837209302323,0.09117013639626703,0.005129388614142011,0.9548494983277592,0.5
EAST GIPPSLAND,0.4049452776651803,0.4244186046511628,0.0,0.0,0.6780936454849499,0.5
FRANKSTON,0.3785974868261045,0.39244186046511625,0.3287867910983489,0.017394419788175106,0.9531772575250836,0.4875
GANNAWARRA,0.5755978921767329,0.20930232558139536,0.0,0.0,0.4974916387959866,0.4875
GLEN EIRA,0.8325901905147952,0.3343023255813953,0.0832735104091888,0.0029072364621843144,0.9506688963210702,0.4625
GLENELG,0.4434535873530603,0.2790697674418605,0.0,0.0,0.7876254180602007,0.45
GOLDEN PLAINS,0.7920551276854478,0.2790697674418605,0.0,0.0,0.5008361204013378,0.4375
GREATER BENDIGO,0.5083096878800162,0.6540697674418605,0.0,0.0,0.8503344481605352,0.425
GREATER DANDENONG,0.4389947304418321,0.313953488372093,0.16080402010050251,0.006102103656798464,0.9573578595317724,0.4
GREATER GEELONG,0.5634373733279286,1.0,0.0,0.0,0.8879598662207357,0.4
GREATER SHEPPARTON,0.2472638832590191,0.4709302325581395,0.0,0.0,0.907190635451505,0.4
HEPBURN,0.7190920145926225,0.1511627906976744,0.0,0.0,0.5158862876254181,0.4
HINDMARSH,0.05674908796108634,0.10465116279069768,0.0,0.0,0.431438127090301,0.375
HOBSONS BAY,0.665585731657884,0.36046511627906974,0.11198851399856424,0.004974072764865689,0.9122073578595318,0.35
HORSHAM,0.4296716659910823,0.21511627906976746,0.0,0.0,0.9130434782608696,0.35
HUME,0.4823672476692338,0.4709302325581395,0.2677674084709261,0.011504874012190785,0.9180602006688964,0.325
INDIGO,0.8540737738143495,0.12790697674418605,0.0,0.0,0.3879598662207358,0.3125
KINGSTON,0.7385488447507094,0.4709302325581395,0.2031586503948313,0.010405870811591498,0.9456521739130436,0.3125
KNOX,0.6185650587758411,0.6075581395348837,0.3783201722900215,0.008838097361824091,0.9581939799331104,0.3
LATROBE,0.0,0.4505813953488372,0.0,0.0,0.8779264214046822,0.2875
LODDON,0.7839481151195784,0.18023255813953487,0.0,0.0,0.35785953177257523,0.2625
MACEDON RANGES,0.7231455208755573,0.313953488372093,0.0,0.0,0.770066889632107,0.2625
MANNINGHAM,0.8431293068504256,0.34011627906976744,0.32663316582914576,0.011926449926215851,0.8637123745819398,0.25
MANSFIELD,0.5974868261045804,0.06395348837209303,0.0,0.0,0.2709030100334448,0.25
MARIBYRNONG,0.5618159708147548,0.2616279069767442,0.07681263460157932,0.0018118227875988488,0.9498327759197324,0.25
MAROONDAH,0.6120794487231456,0.3313953488372093,0.2254127781765973,0.0059072108072881204,0.9882943143812708,0.2375
MELBOURNE,0.5387109850020266,0.3546511627906977,0.22469490308686288,0.003592891259514483,0.9966555183946488,0.2375
MELTON,0.47993514389947295,0.28488372093023256,0.19669777458722185,0.022735937890661938,0.8938127090301003,0.2125
MILDURA,0.12525334414268333,0.3023255813953488,0.0,0.0,0.8988294314381271,0.2
MITCHELL,0.17673287393595458,0.2441860465116279,0.03374012921751615,0.004505154970503332,0.7525083612040134,0.2
MOIRA,0.4296716659910823,0.3168604651162791,0.0,0.0,0.657190635451505,0.1875
MONASH,0.7316578840697203,0.4476744186046512,0.1464465183058148,0.006114921444463724,0.9038461538461541,0.1875
MOONEE VALLEY,0.7296311309282529,0.3343023255813953,0.11844938980617373,0.003004258124545541,0.8913043478260869,0.175
MOORABOOL,0.5905958654235914,0.16279069767441862,0.0,0.0,0.7959866220735786,0.175
MORELAND,0.6947709768950141,0.34011627906976744,0.08614501076812635,0.002707698517874231,0.9314381270903008,0.175
MORNINGTON PENINSULA,0.5768139440616132,0.6104651162790697,0.542713567839196,0.08763875937790039,0.8913043478260869,0.1625
MOUNT ALEXANDER,0.7932711795703283,0.22093023255813954,0.0,0.0,0.6036789297658863,0.15
MOYNE,0.8325901905147952,0.17732558139534885,0.0,0.0,0.5493311036789298,0.15
MURRINDINDI,0.301175516822051,0.1947674418604652,0.0,0.0,0.35702341137123744,0.15
NILLUMBIK,0.8565058775841102,0.23837209302325585,0.2433596554199569,0.08830227164749176,0.7750836120401338,0.1375
NORTHERN GRAMPIANS,0.39643291447101736,0.15406976744186046,0.0,0.0,0.7140468227424749,0.1375
PORT PHILLIP,0.6100526955816782,0.18604651162790692,0.07465900933237618,0.002896545956787577,0.9615384615384616,0.1375
PYRENEES,0.6185650587758411,0.09883720930232558,0.0,0.0,0.5476588628762542,0.1375
QUEENSCLIFFE,1.0,0.0,0.0,0.0,0.6806020066889632,0.125
SOUTH GIPPSLAND,0.6047831374138629,0.375,0.0,0.0,0.5376254180602007,0.125
SOUTHERN GRAMPIANS,0.6477503040129712,0.22093023255813954,0.0,0.0,0.6421404682274248,0.125
STONNINGTON,0.7985407377381435,0.2936046511627907,0.04666188083273511,0.001376565614562301,0.9306020066889632,0.125
STRATHBOGIE,0.7725982975273612,0.12209302325581395,0.0,0.0,0.5551839464882943,0.125
SURF COAST,0.7162545601945682,0.34011627906976744,0.0,0.0,0.6755852842809364,0.125
SWAN HILL,0.17794892582083496,0.19186046511627908,0.0,0.0,0.7968227424749164,0.1125
TOWONG,0.7320632346980138,0.06976744186046513,0.0,0.0,0.28929765886287623,0.0875
WANGARATTA,0.5683015808674503,0.3023255813953488,0.0,0.0,0.0,0.0875
WARRNAMBOOL,0.4904742602351033,0.2441860465116279,0.0,0.0,0.8060200668896321,0.075
WELLINGTON,0.4864207539521686,0.4418604651162791,0.0,0.0,0.9665551839464884,0.075
WEST WIMMERA,0.7884069720308067,0.10465116279069768,0.0,0.0,0.6279264214046822,0.075
WHITEHORSE,0.7640859343331983,0.40988372093023256,0.11198851399856424,0.0034940223499622444,0.35785953177257523,0.075
WHITTLESEA,0.5954600729631129,0.36046511627906974,0.4213926776740847,0.06419659687204976,0.9765886287625418,0.0625
WODONGA,0.6412646939602756,0.14244186046511628,0.0,0.0,0.8653846153846154,0.0625
WYNDHAM,0.5630320226996351,0.3866279069767442,0.29576453697056715,0.0073287214017902095,0.9122073578595318,0.0625
YARRA,0.5695176327523308,0.3488372093023256,0.03589375448671931,0.00256383544745775,0.9180602006688964,0.05
YARRA RANGES,0.6627482772598298,0.5377906976744186,0.8068916008614501,1.0,1.0,0.025
YARRIAMBIACK,0.7555735711390352,0.2005813953488372,0.0,0.0,0.8436454849498328,0.0
